%YAML:1.0
---
R: !!opencv-matrix
   rows: 3
   cols: 3
   dt: d
   data: [ 9.0227074797994122e-01, -1.7234782728518450e-01,
       3.9522616787074399e-01, 1.6589755871904455e-01,
       9.8483725051433402e-01, 5.0730562883020240e-02,
       -3.9797675478698308e-01, 1.9794353473733588e-02,
       9.1718192645722063e-01 ]
T: !!opencv-matrix
   rows: 3
   cols: 1
   dt: d
   data: [ -3.6683798640882088e+01, -2.5156927646462752e+00,
       7.8972911133513870e+00 ]
R1: !!opencv-matrix
   rows: 3
   cols: 3
   dt: d
   data: [ 9.7475393768628871e-01, -1.0638951388517610e-01,
       1.9630596603351330e-01, 1.0435677964198571e-01,
       9.9432448231974069e-01, 2.0699913099671063e-02,
       -1.9739408174468909e-01, 3.0853663609809422e-04,
       9.8032417153578089e-01 ]
R2: !!opencv-matrix
   rows: 3
   cols: 3
   dt: d
   data: [ 9.7541322070222769e-01, 6.6891654429872632e-02,
       -2.0998703637830055e-01, -6.9030447190280286e-02,
       9.9761044250842468e-01, -2.8639760570603181e-03,
       2.0929368418568470e-01, 1.7289059135186986e-02,
       9.7769997555190868e-01 ]
P1: !!opencv-matrix
   rows: 3
   cols: 4
   dt: d
   data: [ -1.2876713475946259e+04, 0., 1.3923226165771484e+03, 0., 0.,
       -1.2876713475946259e+04, 8.8425312805175781e+02, 0., 0., 0., 1.,
       0. ]
P2: !!opencv-matrix
   rows: 3
   cols: 4
   dt: d
   data: [ -1.2876713475946259e+04, 0., 1.3923226165771484e+03,
       4.8427348971943930e+05, 0., -1.2876713475946259e+04,
       8.8425312805175781e+02, 0., 0., 0., 1., 0. ]
Q: !!opencv-matrix
   rows: 4
   cols: 4
   dt: d
   data: [ 1., 0., 0., -1.3923226165771484e+03, 0., 1., 0.,
       -8.8425312805175781e+02, 0., 0., 0., -1.2876713475946259e+04, 0.,
       0., 2.6589755064656335e-02, 0. ]
