%YAML:1.0
---
R: !!opencv-matrix
   rows: 3
   cols: 3
   dt: d
   data: [ 9.0534948108890501e-01, -1.6213698757233100e-01,
       3.9249702464225161e-01, 1.5659779178393904e-01,
       9.8657519347292422e-01, 4.6330543189739108e-02,
       -3.9473972272935060e-01, 1.9518834105345474e-02,
       9.1858563368622503e-01 ]
T: !!opencv-matrix
   rows: 3
   cols: 1
   dt: d
   data: [ -7.4782538486414921e+01, -4.3829657440621004e+00,
       1.6083274903027863e+01 ]
R1: !!opencv-matrix
   rows: 3
   cols: 3
   dt: d
   data: [ 9.7548163519762476e-01, -1.0591274062873302e-01,
       1.9291985580722049e-01, 1.0401669910030853e-01,
       9.9437524884513451e-01, 1.9959729268023838e-02,
       -1.9394871925445631e-01, 5.9653724750080290e-04,
       9.8101148741636479e-01 ]
R2: !!opencv-matrix
   rows: 3
   cols: 3
   dt: d
   data: [ 9.7604463434774480e-01, 5.7205469132328615e-02,
       -2.0991523542212745e-01, -5.9219408458827602e-02,
       9.9823948400074614e-01, -3.3157568835351014e-03,
       2.0935599686362827e-01, 1.5667382783169981e-02,
       9.7771396619561590e-01 ]
P1: !!opencv-matrix
   rows: 3
   cols: 4
   dt: d
   data: [ -1.5336047471786442e+04, 0., 1.4680005187988281e+03, 0., 0.,
       -1.5336047471786442e+04, 5.2243080139160156e+02, 0., 0., 0., 1.,
       0. ]
P2: !!opencv-matrix
   rows: 3
   cols: 4
   dt: d
   data: [ -1.5336047471786442e+04, 0., 1.4680005187988281e+03,
       1.1750165104434660e+06, 0., -1.5336047471786442e+04,
       5.2243080139160156e+02, 0., 0., 0., 1., 0. ]
Q: !!opencv-matrix
   rows: 4
   cols: 4
   dt: d
   data: [ 1., 0., 0., -1.4680005187988281e+03, 0., 1., 0.,
       -5.2243080139160156e+02, 0., 0., 0., -1.5336047471786442e+04, 0.,
       0., 1.3051771898931381e-02, 0. ]
