%YAML:1.0
---
M1: !!opencv-matrix
   rows: 3
   cols: 3
   dt: d
   data: [ 1.5920580607351294e+04, 0., 1.4414731818473003e+03, 0.,
       1.5934644010827833e+04, 5.8728828224799076e+02, 0., 0., 1. ]
D1: !!opencv-matrix
   rows: 1
   cols: 5
   dt: d
   data: [ -6.6373922066047630e-01, 8.5464900364412912e+01,
       -7.1123355910436194e-03, 1.0215789962616083e-02, 0. ]
M2: !!opencv-matrix
   rows: 3
   cols: 3
   dt: d
   data: [ 1.5660232774070199e+04, 0., 1.1748504408644037e+03, 0.,
       1.5775130364944924e+04, 7.1625554330406453e+02, 0., 0., 1. ]
D2: !!opencv-matrix
   rows: 1
   cols: 5
   dt: d
   data: [ 1.9430489052934366e-01, -3.0351080958210257e+01,
       -8.3329330200475182e-03, 1.2663724595673836e-02, 0. ]
