%YAML:1.0
---
M1: !!opencv-matrix
   rows: 3
   cols: 3
   dt: d
   data: [ 1.5242934119081678e+04, 0., 1.2798810771039668e+03, 0.,
       1.5264326104001864e+04, 1.0237506017568045e+03, 0., 0., 1. ]
D1: !!opencv-matrix
   rows: 1
   cols: 14
   dt: d
   data: [ -3.0628987903367660e-01, 6.6827096309307692e+01, 0., 0., 0.,
       0., 0., -5.1449302607883673e-01, 0., 0., 0., 0., 0., 0. ]
M2: !!opencv-matrix
   rows: 3
   cols: 3
   dt: d
   data: [ 1.5242934119081678e+04, 0., 1.2807698201254159e+03, 0.,
       1.5264326104001864e+04, 1.0251196986423938e+03, 0., 0., 1. ]
D2: !!opencv-matrix
   rows: 1
   cols: 14
   dt: d
   data: [ -1.4606536332007539e-01, -3.6196010615012124e+00, 0., 0., 0.,
       0., 0., 2.8070966898457408e-02, 0., 0., 0., 0., 0., 0. ]
