%YAML:1.0
---
calibration_time: "Thu Jan 17 13:10:19 2019"
image_width: 640
image_height: 480
board_width: 9
board_height: 6
square_size: 2.
aspectRatio: 1.
flags: 2
camera_matrix: !!opencv-matrix
   rows: 3
   cols: 3
   dt: d
   data: [ 5.3591575306281015e+02, 0., 3.4228314966497146e+02, 0.,
       5.3591575306281015e+02, 2.3557082311728169e+02, 0., 0., 1. ]
distortion_coefficients: !!opencv-matrix
   rows: 5
   cols: 1
   dt: d
   data: [ -2.6637290660683066e-01, -3.8586723654239236e-02,
       1.7831841376727705e-03, -2.8122034699845058e-04,
       2.3838760751245294e-01 ]
avg_reprojection_error: 3.9259109564815858e-01
